school, gmin, gmax, size, ti, tf
Agu-1,0,2,23,9,11.5
Agu-2,3,5,25,9,15
Bra-1,0,1,9,9,14
Bra-2,2,3,8,9,14
Bra-3,4,5,8,9,14
FPE-1,0,1,16,9,10
FPE-2,0,1,16,9,10
FPE-3,0,1,16,9,10
FPE-4,0,1,16,9,10
FPE-5,0,1,16,9,10
FPE-6,0,1,16,9,10
FPE-7,0,1,16,9,10
FPE-8,0,1,17,9,10
FPE-9,0,1,17,9,10
FPE-A,2,3,20,9,11.5
FPE-B,2,3,20,9,11.5
FPE-C,2,3,20,9,11.5
FPE-D,2,3,20,9,11.5
FPE-E,2,3,20,9,11.5
FPE-F,2,3,20,9,11.5
FPE-G,4,5,20,9,11.5
FPE-H,4,5,20,9,11.5
FPE-I,4,5,20,9,11.5
FPE-J,4,5,20,9,11.5
FPE-K,4,5,20,9,11.5
FPE-L,4,5,20,9,11.5
HSC-1,0,3,11,10,14.5
HSC-2,4,8,10,10,14.5
TCH-1,0,3,8,10,14.5
TCH-2,4,8,7,10,14.5
RHS-1,3,4,3,10,14.5
HHS-1,0,3,14,10,14.5
HHS-2,4,11,8,10,14.5
HTA-1,0,3,9,9,15
HTA-2,4,6,9,9,15
HTA-3,7,9,9,9,15
HTA-4,10,12,8,9,15
TMS-1,6,8,16,9,11
TMS-2,6,8,16,9,11
TMS-3,6,8,16,9,11
TMS-4,6,8,16,9,11
TMS-5,6,8,16,9,11
TMS-6,6,8,16,9,11
TMS-7,6,8,16,9,11
TMS-8,6,8,16,9,11
TMS-9,6,8,16,9,11
TMS-A,6,8,16,9,11
TMS-B,6,8,16,9,11
TMS-C,6,8,16,9,11
